$optinfo
 gdiistep   on
 trostep    off
 calchess   off
 iteration 453
 ndiis       6
 itrvec      0
 tradius    1.191764007553E-02
 actrad     1.163494160674E-02
 energyo   -1.183068219370E+03
 predengy  -3.612454037156E-05
 trnvec
  0.000000000000D+00  0.000000000000D+00  0.000000000000D+00
  0.000000000000D+00  0.000000000000D+00  0.000000000000D+00
  0.000000000000D+00  0.000000000000D+00  0.000000000000D+00
  0.000000000000D+00  0.000000000000D+00  0.000000000000D+00
  0.000000000000D+00  0.000000000000D+00  0.000000000000D+00
  0.000000000000D+00  0.000000000000D+00  0.000000000000D+00
  0.000000000000D+00  0.000000000000D+00  0.000000000000D+00
  0.000000000000D+00  0.000000000000D+00  0.000000000000D+00
  0.000000000000D+00  0.000000000000D+00  0.000000000000D+00
  0.000000000000D+00  0.000000000000D+00  0.000000000000D+00
  0.000000000000D+00  0.000000000000D+00  0.000000000000D+00
  0.000000000000D+00  0.000000000000D+00  0.000000000000D+00
  0.000000000000D+00  0.000000000000D+00  0.000000000000D+00
  0.000000000000D+00  0.000000000000D+00  0.000000000000D+00
  0.000000000000D+00  0.000000000000D+00  0.000000000000D+00
  0.000000000000D+00  0.000000000000D+00  0.000000000000D+00
  0.000000000000D+00  0.000000000000D+00  0.000000000000D+00
  0.000000000000D+00  0.000000000000D+00  0.000000000000D+00
  0.000000000000D+00  0.000000000000D+00  0.000000000000D+00
  0.000000000000D+00  0.000000000000D+00  0.000000000000D+00
  0.000000000000D+00  0.000000000000D+00  0.000000000000D+00
  0.000000000000D+00  0.000000000000D+00  0.000000000000D+00
  0.000000000000D+00  0.000000000000D+00  0.000000000000D+00
  0.000000000000D+00  0.000000000000D+00  0.000000000000D+00
  0.000000000000D+00  0.000000000000D+00  0.000000000000D+00
  0.000000000000D+00  0.000000000000D+00  0.000000000000D+00
  0.000000000000D+00  0.000000000000D+00  0.000000000000D+00
  0.000000000000D+00  0.000000000000D+00  0.000000000000D+00
  0.000000000000D+00  0.000000000000D+00  0.000000000000D+00
  0.000000000000D+00  0.000000000000D+00  0.000000000000D+00
  0.000000000000D+00  0.000000000000D+00  0.000000000000D+00
  0.000000000000D+00  0.000000000000D+00  0.000000000000D+00
  0.000000000000D+00  0.000000000000D+00  0.000000000000D+00
  0.000000000000D+00  0.000000000000D+00  0.000000000000D+00
  0.000000000000D+00  0.000000000000D+00  0.000000000000D+00
  0.000000000000D+00  0.000000000000D+00  0.000000000000D+00
  0.000000000000D+00  0.000000000000D+00  0.000000000000D+00
  0.000000000000D+00  0.000000000000D+00  0.000000000000D+00
  0.000000000000D+00  0.000000000000D+00  0.000000000000D+00
  0.000000000000D+00  0.000000000000D+00  0.000000000000D+00
  0.000000000000D+00  0.000000000000D+00  0.000000000000D+00
  0.000000000000D+00  0.000000000000D+00  0.000000000000D+00
  0.000000000000D+00  0.000000000000D+00  0.000000000000D+00
  0.000000000000D+00  0.000000000000D+00  0.000000000000D+00
  0.000000000000D+00  0.000000000000D+00  0.000000000000D+00
  0.000000000000D+00  0.000000000000D+00  0.000000000000D+00
 displ
  0.110392792880D-03 -0.122436169263D-02  0.129157153945D-03
 -0.893635124612D-04 -0.113488396119D-02 -0.174621167161D-03
 -0.201647405294D-03 -0.129392763651D-02 -0.268670029220D-04
 -0.554152100245D-03 -0.587446576167D-03  0.238244511497D-03
 -0.340876073134D-03 -0.224715055065D-03  0.670582899913D-03
 -0.928188637480D-03  0.937312039099D-03  0.108078288870D-02
 -0.179341195487D-02  0.176947365334D-02  0.100636284767D-02
 -0.228025016085D-02  0.299318511991D-02  0.126160993155D-02
 -0.189625397912D-02  0.148014920815D-02  0.532982928626D-03
 -0.123786455714D-02  0.249365521606D-03  0.138597670441D-03
  0.688684212333D-04 -0.137248509943D-02 -0.285060769044D-03
 -0.555528958596D-03 -0.119001417263D-02 -0.111922317448D-02
  0.879817125831D-03 -0.172781784883D-02  0.569391323222D-03
  0.101559176636D-02 -0.180883962612D-02  0.592044754740D-03
  0.947892294274D-03 -0.688756618716D-03  0.439187048232D-03
  0.111441282681D-02 -0.133308437656D-03  0.363533673942D-03
  0.879999442831D-03  0.368218936450D-03  0.147097755456D-02
  0.143207489563D-02  0.162741623397D-02  0.210436340593D-02
  0.604854776277D-03 -0.290935723129D-02  0.798662125794D-03
 -0.103871717367D-02 -0.344165131733D-02  0.609798242628D-02
  0.208293978966D-02 -0.333758999368D-02 -0.503790756969D-02
  0.155934942726D-02 -0.100423099581D-02 -0.849657805411D-03
 -0.152699750530D-02 -0.825273330330D-03 -0.184992218132D-03
 -0.764019970439D-04 -0.102149591070D-02 -0.108456424462D-03
 -0.148744067107D-03 -0.159120702929D-02 -0.224099603138D-03
 -0.525137250685D-03 -0.141172664409D-02  0.344124342504D-03
  0.514767773565D-03 -0.116685509876D-02  0.683919422009D-03
 -0.101124822732D-02  0.123758228016D-02  0.137868618274D-02
 -0.147294571445D-02  0.279891819801D-02  0.157788252064D-02
 -0.241545379909D-02  0.202569690480D-02  0.353982931439D-03
 -0.145576712463D-02 -0.334565270617D-03 -0.684037387178D-03
  0.749150165375D-03 -0.161532744123D-02  0.730804269295D-03
  0.141913416870D-02 -0.186332780545D-02  0.124084954065D-02
  0.104051795207D-02 -0.516734224934D-03 -0.774329246879D-03
  0.939398975818D-03 -0.242976888056D-03  0.225962151680D-03
  0.108062642819D-02  0.194094813170D-03  0.617369873301D-03
  0.137120525659D-02  0.781645788912D-04  0.233896417749D-03
 -0.162761417116D-03  0.955283476833D-04  0.259673405678D-02
  0.165817058974D-02  0.100513728457D-02  0.123877611995D-02
  0.267000603297D-02  0.558586097658D-02  0.163486117662D-02
 -0.159810701748D-03  0.266138898341D-03 -0.598851269654D-03
  0.223036373796D-02  0.288179741981D-03  0.557582463397D-02
  0.186520354390D-02 -0.405528400505D-02 -0.465536842558D-02
 -0.211659246502D-02  0.461032727593D-02 -0.693522989872D-02
 -0.742910070969D-03 -0.221129750760D-02 -0.113577949014D-01
 -0.350371333186D-02  0.113247074063D-01 -0.291163992304D-02
 dxyz
  0.110392792880D-03 -0.122436169263D-02  0.129157153945D-03
 -0.893635124612D-04 -0.113488396119D-02 -0.174621167161D-03
 -0.201647405294D-03 -0.129392763651D-02 -0.268670029220D-04
 -0.554152100245D-03 -0.587446576167D-03  0.238244511497D-03
 -0.340876073134D-03 -0.224715055065D-03  0.670582899913D-03
 -0.928188637480D-03  0.937312039099D-03  0.108078288870D-02
 -0.179341195487D-02  0.176947365334D-02  0.100636284767D-02
 -0.228025016085D-02  0.299318511991D-02  0.126160993155D-02
 -0.189625397912D-02  0.148014920815D-02  0.532982928626D-03
 -0.123786455714D-02  0.249365521606D-03  0.138597670441D-03
  0.688684212333D-04 -0.137248509943D-02 -0.285060769044D-03
 -0.555528958596D-03 -0.119001417263D-02 -0.111922317448D-02
  0.879817125831D-03 -0.172781784883D-02  0.569391323222D-03
  0.101559176636D-02 -0.180883962612D-02  0.592044754740D-03
  0.947892294274D-03 -0.688756618716D-03  0.439187048232D-03
  0.111441282681D-02 -0.133308437656D-03  0.363533673942D-03
  0.879999442831D-03  0.368218936450D-03  0.147097755456D-02
  0.143207489563D-02  0.162741623397D-02  0.210436340593D-02
  0.604854776277D-03 -0.290935723129D-02  0.798662125794D-03
 -0.103871717367D-02 -0.344165131733D-02  0.609798242628D-02
  0.208293978966D-02 -0.333758999368D-02 -0.503790756969D-02
  0.155934942726D-02 -0.100423099581D-02 -0.849657805411D-03
 -0.152699750530D-02 -0.825273330330D-03 -0.184992218132D-03
 -0.764019970439D-04 -0.102149591070D-02 -0.108456424462D-03
 -0.148744067107D-03 -0.159120702929D-02 -0.224099603138D-03
 -0.525137250685D-03 -0.141172664409D-02  0.344124342504D-03
  0.514767773565D-03 -0.116685509876D-02  0.683919422009D-03
 -0.101124822732D-02  0.123758228016D-02  0.137868618274D-02
 -0.147294571445D-02  0.279891819801D-02  0.157788252064D-02
 -0.241545379909D-02  0.202569690480D-02  0.353982931439D-03
 -0.145576712463D-02 -0.334565270617D-03 -0.684037387178D-03
  0.749150165375D-03 -0.161532744123D-02  0.730804269295D-03
  0.141913416870D-02 -0.186332780545D-02  0.124084954065D-02
  0.104051795207D-02 -0.516734224934D-03 -0.774329246879D-03
  0.939398975818D-03 -0.242976888056D-03  0.225962151680D-03
  0.108062642819D-02  0.194094813170D-03  0.617369873301D-03
  0.137120525659D-02  0.781645788912D-04  0.233896417749D-03
 -0.162761417116D-03  0.955283476833D-04  0.259673405678D-02
  0.165817058974D-02  0.100513728457D-02  0.123877611995D-02
  0.267000603297D-02  0.558586097658D-02  0.163486117662D-02
 -0.159810701748D-03  0.266138898341D-03 -0.598851269654D-03
  0.223036373796D-02  0.288179741981D-03  0.557582463397D-02
  0.186520354390D-02 -0.405528400505D-02 -0.465536842558D-02
 -0.211659246502D-02  0.461032727593D-02 -0.693522989872D-02
 -0.742910070969D-03 -0.221129750760D-02 -0.113577949014D-01
 -0.350371333186D-02  0.113247074063D-01 -0.291163992304D-02
 grado
  0.846119998386D-04 -0.434191352348D-04  0.760307712988D-05
  0.159954924532D-04  0.114698464231D-04 -0.528425328827D-06
 -0.917458797911D-05  0.267716292377D-04 -0.151439848004D-04
  0.190164896168D-04  0.281001227260D-04 -0.267335399862D-04
 -0.332512240915D-04  0.146639865424D-04 -0.158905207406D-04
 -0.666389695083D-04  0.104618705503D-04 -0.324705520862D-04
  0.371877949012D-05  0.161849146227D-04 -0.121720343411D-04
  0.974663733011D-05 -0.391270493738D-05  0.384117292302D-04
 -0.780659668465D-05 -0.835129145660D-04 -0.335380289775D-04
  0.165289940645D-04 -0.352037926348D-04 -0.315331602447D-04
 -0.217275569341D-04  0.287587943868D-04  0.867333831867D-06
  0.256587998573D-04  0.807690868392D-04  0.122936754892D-04
 -0.109822571019D-04  0.930117367703D-05 -0.272885043362D-05
 -0.262970262064D-04 -0.125701687534D-04  0.219662249878D-05
 -0.439154958651D-04  0.896931942762D-05 -0.325405312078D-04
 -0.405077789081D-04  0.508870250855D-04 -0.178957457893D-04
  0.442456126946D-04  0.450264226393D-04  0.231553858643D-04
 -0.183290056941D-04 -0.764526035153D-04 -0.395656550416D-04
  0.154211180512D-03  0.416183545733D-04  0.974993227807D-04
 -0.167005397490D-03 -0.203277040885D-03 -0.125213791437D-03
  0.434698781362D-04  0.140538539572D-03  0.250296621682D-04
 -0.328469786766D-04 -0.166220247028D-05 -0.451422716319D-04
  0.134479726834D-04 -0.275269004071D-04  0.225177393336D-04
 -0.169226271449D-04  0.300999510905D-04 -0.104604251332D-04
  0.538869229683D-06 -0.353149057286D-05  0.216474518639D-04
  0.304615660234D-04  0.346499800088D-04 -0.827004944259D-05
 -0.244000491660D-04 -0.469428848904D-05  0.157147447165D-04
 -0.627924347241D-05  0.109337563741D-04  0.606654696980D-04
  0.203083941286D-05  0.202466663151D-04 -0.484686182802D-04
  0.323232146786D-04 -0.926790190325D-05  0.145523223116D-05
  0.727788642605D-04  0.213349028586D-04  0.374614349945D-04
  0.129938247266D-04 -0.165475574727D-04  0.157829030081D-04
 -0.384375965368D-05 -0.684332317924D-06 -0.157423671156D-04
 -0.865203303213D-05  0.122594877876D-04  0.131818431781D-04
  0.671032665622D-05  0.375528253821D-04  0.740078258147D-04
 -0.635677240624D-06  0.122823912158D-04 -0.529822875046D-04
  0.210934630135D-04 -0.111024951642D-03 -0.325717510246D-04
  0.175575990819D-04 -0.390740274132D-04 -0.373553387762D-04
  0.558614094315D-05  0.247451277238D-04  0.373799842506D-04
 -0.205168411460D-04 -0.529431089988D-04 -0.293544071014D-04
  0.159750795109D-04 -0.174731199908D-04  0.428069564344D-04
 -0.327753609694D-04  0.979529203321D-04  0.262424773233D-04
 -0.548705759091D-04 -0.576476851410D-05 -0.177214859390D-04
 -0.109184402546D-03  0.611542712430D-04 -0.139799215542D-03
  0.785943017467D-05 -0.149809440693D-03  0.114455148484D-03
  0.882462963574D-04  0.580396180219D-04  0.115579941870D-03
$end
