$coord
    4.65032607016008      3.93242266928738     -1.96749754488815  n
    3.80719403994572      1.32319573670464     -2.15846067302201  c
    6.20456441437595     -0.31801136011229     -2.54764616435414  c
    8.32791140284289      1.37499854206466     -1.59443460694094  c
    7.37916744413441      3.97932280409934     -2.37500613087730  c
    2.40660138397235      0.56109596338594      0.23738566852828  c
    2.59024000025088      1.74561711093278      2.20350364285287  o
    0.98023736151810     -1.53970233046128      0.02366961386813  n
   -0.27545699212767     -2.64703160123951      2.16460475207820  c
   -2.83111708493456     -1.40882733660694      2.74753876707305  c
   -4.76166802274475     -1.74052164534119      0.64618732010063  c
   -7.29753568144284     -0.45477245756273      1.12071332442575  c
   -7.32587849345731      2.40170556368330      0.79598817464729  c
   -5.91594728645409      3.69077565070434      2.77428004413461  n
   -0.55915766356652     -5.43556681203650      1.65433252139984  c
   -0.07315418462283     -6.45752156579320     -0.31785131876201  o
   -1.46843132990409     -6.67843302142692      3.65793897884717  o
    4.26076399940403      4.49731026069681     -0.17696852740607  h
    2.51417858732335      1.06741614334012     -3.75635638205243  h
    6.45076975696688     -0.70710691196783     -4.55965947311431  h
    6.08765785032329     -2.13165768949273     -1.57498608658101  h
    8.46308290684378      1.26560372281820      0.46334886284528  h
   10.16458841789618      0.88393133050272     -2.39293790719604  h
    8.23169117583820      5.52613565897847     -1.31253776344638  h
    7.78552487529169      4.30996170779907     -4.37918184729869  h
    1.02782426147022     -2.57642888179625     -1.57208358978151  h
    0.92904221823501     -2.41711229795850      3.82936963267645  h
   -3.55460194943260     -2.21661857487910      4.50588548047862  h
   -2.48615630053276      0.59109046179119      3.09016988011666  h
   -3.97273738452176     -1.02355628628328     -1.12784234831229  h
   -5.10519843527187     -3.76093785853903      0.34434014443743  h
   -8.68633598286583     -1.24004352998688     -0.19424828338167  h
   -7.98227872932778     -0.93396585129122      3.01807343564165  h
   -9.30570743998378      3.02473988267933      0.66177699178477  h
   -6.44205732584173      2.87182793903678     -1.01409614900549  h
   -5.78478921361168      5.56165561716989      2.41406816643967  h
   -6.80282668804128      3.50617028281081      4.45825169162793  h
   -1.63032997810737     -8.42772795355025      3.16794468395349  h
$user-defined bonds
$redundant
     number_of_atoms            38
     degrees_of_freedom        108
     internal_coordinates      108
     frozen_coordinates          0
# definitions of redundant internals
   1 k  1.0000000000000 stre   6    7           val=   2.30270
   2 k  0.7071067811977 bend   8    7    6      val=   0.15483
       -0.7071067811754 bend   2    7    6
   3 k  1.0000000000000 outp   7    2    8    6 val=  -0.74626
   4 k  1.0000000000000 stre  15   16           val=   2.27379
   5 k  0.7071067811866 bend  17   16   15      val=  -1.05102
       -0.7071067811865 bend   9   16   15
   6 k  1.0000000000000 outp  16    9   17   15 val=  -0.85528
   7 k  1.0000000000000 stre   1   18           val=   1.91751
   8 k  0.7608822670991 bend   2   18    1      val=   7.02145
       -0.6488899564750 bend   5   18    1
   9 k  0.6488899564750 bend   2   18    1      val= 108.06877
        0.7608822670991 bend   5   18    1
  10 k  1.0000000000000 stre   2   19           val=   2.07137
  11 k  0.5174785828372 bend   1   19    2      val=   7.21885
       -0.7806258389494 bend   6   19    2
        0.3504842590894 bend   3   19    2
  12 k -0.6489417596031 bend   1   19    2      val=   0.63389
       -0.0910392103687 bend   6   19    2
        0.7553717328697 bend   3   19    2
  13 k  1.0000000000000 stre   3   20           val=   2.06403
  14 k  1.0000000000000 stre   3   21           val=   2.06132
  15 k  0.0059452417027 bend  21   20    3      val=   0.56954
        0.5407118040251 bend   4   20    3
        0.4555926488150 bend   4   21    3
       -0.5105386099655 bend   2   20    3
       -0.4892658430437 bend   2   21    3
  16 k  0.0973155682008 bend  21   20    3      val=   3.97459
       -0.4916012747048 bend   4   20    3
        0.4977484641107 bend   4   21    3
       -0.5276163985601 bend   2   20    3
        0.4719377812173 bend   2   21    3
  17 k -0.8676802421858 bend  21   20    3      val=   8.54974
        0.1973187311634 bend   4   20    3
        0.2995806873997 bend   4   21    3
        0.1933838976892 bend   2   20    3
        0.2846935115245 bend   2   21    3
  18 k -0.0039692066928 bend  21   20    3      val=   0.29415
        0.4769833968703 bend   4   20    3
       -0.5245022273241 bend   4   21    3
       -0.4682847097078 bend   2   20    3
        0.5273309479769 bend   2   21    3
  19 k  1.0000000000000 stre   4   22           val=   2.06512
  20 k  1.0000000000000 stre   4   23           val=   2.06207
  21 k  0.0190433110931 bend  23   22    4      val=   0.56657
       -0.5354880582110 bend   3   22    4
       -0.4676181172276 bend   3   23    4
        0.5223700618372 bend   5   22    4
        0.4704813564348 bend   5   23    4
  22 k  0.1214312917673 bend  23   22    4      val=   4.58518
       -0.5103609046825 bend   3   22    4
        0.4911996950935 bend   3   23    4
       -0.5118222257491 bend   5   22    4
        0.4706878552934 bend   5   23    4
  23 k -0.8720951259767 bend  23   22    4      val=   6.45327
        0.1653481038965 bend   3   22    4
        0.2904874559187 bend   3   23    4
        0.1870542861929 bend   5   22    4
        0.3045288619430 bend   5   23    4
  24 k -0.0007988753926 bend  23   22    4      val=   0.51997
        0.4648057868563 bend   3   22    4
       -0.5229512972646 bend   3   23    4
       -0.4735164727930 bend   5   22    4
        0.5350318055836 bend   5   23    4
  25 k  1.0000000000000 stre   5   24           val=   2.06113
  26 k  1.0000000000000 stre   5   25           val=   2.07151
  27 k  0.1773419356203 bend  25   24    5      val=   3.85955
        0.4724696233346 bend   1   24    5
        0.4699709951855 bend   1   25    5
       -0.5432870442580 bend   4   24    5
       -0.4788410426460 bend   4   25    5
  28 k  0.0655019592721 bend  25   24    5      val=  -0.40472
       -0.5091291225917 bend   1   24    5
        0.4369921728554 bend   1   25    5
       -0.5123024376931 bend   4   24    5
        0.5320536467852 bend   4   25    5
  29 k -0.8556835629069 bend  25   24    5      val=   8.06226
        0.2949471601519 bend   1   24    5
        0.3584525966676 bend   1   25    5
        0.1109682851025 bend   4   24    5
        0.2000239698960 bend   4   25    5
  30 k -0.0015300859359 bend  25   24    5      val=   1.12393
       -0.5061432974109 bend   1   24    5
        0.5429901318445 bend   1   25    5
        0.4591628541848 bend   4   24    5
       -0.4880039050863 bend   4   25    5
  31 k  1.0000000000000 stre   8   26           val=   1.90355
  32 k  0.7071067815470 bend   6   26    8      val=   1.80364
       -0.7071067808261 bend   9   26    8
  33 k  1.0000000000000 outp  26    9    6    8 val= -10.19127
  34 k  1.0000000000000 stre   9   27           val=   2.06764
  35 k  0.6235538427239 bend  15   27    9      val=   0.07897
       -0.7673948401961 bend   8   27    9
        0.1492841735236 bend  10   27    9
  36 k -0.5271802611969 bend  15   27    9      val=   0.12083
       -0.2717398100072 bend   8   27    9
        0.8051325653963 bend  10   27    9
  37 k  1.0000000000000 stre  10   28           val=   2.06585
  38 k  1.0000000000000 stre  10   29           val=   2.05817
  39 k  0.1473397947522 bend  29   28   10      val=   3.98478
       -0.5713809353936 bend  11   28   10
       -0.4360801492432 bend  11   29   10
        0.5007392860935 bend   9   28   10
        0.4592483885108 bend   9   29   10
  40 k  0.1863223346526 bend  29   28   10      val=   5.01461
       -0.5147108166303 bend  11   28   10
        0.5561098607559 bend  11   29   10
       -0.5010579796033 bend   9   28   10
        0.3742185012787 bend   9   29   10
  41 k  0.8694690232111 bend  29   28   10      val=  -0.61889
       -0.0308733145749 bend  11   28   10
       -0.2766140273948 bend  11   29   10
       -0.2122903460089 bend   9   28   10
       -0.3485512085236 bend   9   29   10
  42 k -0.0149345560761 bend  29   28   10      val=   1.12849
        0.4068120505979 bend  11   28   10
       -0.4722433438543 bend  11   29   10
       -0.4965416490777 bend   9   28   10
        0.6039151674198 bend   9   29   10
  43 k  1.0000000000000 stre  11   30           val=   2.06969
  44 k  1.0000000000000 stre  11   31           val=   2.07152
  45 k  0.0540316379867 bend  31   30   11      val=   1.93946
        0.4997161963557 bend  12   30   11
        0.4936850723051 bend  12   31   11
       -0.5279377077950 bend  10   30   11
       -0.4742585067951 bend  10   31   11
  46 k  0.0581020330026 bend  31   30   11      val=   3.36450
       -0.4871867157052 bend  12   30   11
        0.4633637072994 bend  12   31   11
       -0.5051498947710 bend  10   30   11
        0.5379506635111 bend  10   31   11
  47 k  0.9120015794195 bend  31   30   11      val=   5.24761
       -0.2160908148397 bend  12   30   11
       -0.2356642043872 bend  12   31   11
       -0.1354113693701 bend  10   30   11
       -0.2183667160859 bend  10   31   11
  48 k -0.0223628620656 bend  31   30   11      val=   0.62917
       -0.4991466020630 bend  12   30   11
        0.5472185353675 bend  12   31   11
        0.4688216170681 bend  10   30   11
       -0.4807397819705 bend  10   31   11
  49 k  1.0000000000000 stre  12   33           val=   2.07328
  50 k  1.0000000000000 stre  12   32           val=   2.06750
  51 k  0.0145786986857 bend  32   33   12      val=   0.24748
       -0.5377807990330 bend  11   33   12
       -0.4607390776564 bend  11   32   12
        0.5313349110784 bend  13   33   12
        0.4647386236648 bend  13   32   12
  52 k  0.1364959917986 bend  32   33   12      val=   8.48057
       -0.4875448741461 bend  11   33   12
        0.5191528198373 bend  11   32   12
       -0.4793826472933 bend  13   33   12
        0.4943090804809 bend  13   32   12
  53 k  0.9097929209261 bend  32   33   12      val=   5.78174
       -0.1302570984857 bend  11   33   12
       -0.2554418402827 bend  11   32   12
       -0.1519533024952 bend  13   33   12
       -0.2587848322846 bend  13   32   12
  54 k -0.0046311531880 bend  32   33   12      val=   0.11096
        0.4563343882615 bend  11   33   12
       -0.5231572500439 bend  11   32   12
       -0.4691082685669 bend  13   33   12
        0.5458767283909 bend  13   32   12
  55 k  1.0000000000000 stre  13   35           val=   2.06847
  56 k  1.0000000000000 stre  13   34           val=   2.07988
  57 k  0.0262630126142 bend  34   35   13      val=   2.48400
        0.5133661718008 bend  14   35   13
        0.4866251367066 bend  14   34   13
       -0.5329088890939 bend  12   35   13
       -0.4636480562550 bend  12   34   13
  58 k  0.0952966961392 bend  34   35   13      val=   6.13202
       -0.5140260309185 bend  14   35   13
        0.4913029522194 bend  14   34   13
       -0.4806127235112 bend  12   35   13
        0.5043100220924 bend  12   34   13
  59 k  0.9087645949740 bend  34   35   13      val=   4.27701
       -0.1802922037206 bend  14   35   13
       -0.2470466876115 bend  14   34   13
       -0.1391859899801 bend  12   35   13
       -0.2474607575612 bend  12   34   13
  60 k -0.0168690958118 bend  34   35   13      val=   1.95877
       -0.4650130144311 bend  14   35   13
        0.5260616144419 bend  14   34   13
        0.4849600414882 bend  12   35   13
       -0.5211058107397 bend  12   34   13
  61 k  0.7071067811865 tors  36   14   13   12 val=  52.64951
        0.7071067811865 tors  37   14   13   12
  62 k  1.0000000000000 stre  14   36           val=   1.90975
  63 k  1.0000000000000 stre  14   37           val=   1.91217
  64 k  0.8457110373371 bend  37   36   14      val=   4.45518
       -0.4043010144324 bend  13   36   14
       -0.3483009202616 bend  13   37   14
  65 k  0.0230432049639 bend  37   36   14      val=  13.60333
       -0.6244111989350 bend  13   36   14
        0.7807558295329 bend  13   37   14
  66 k  0.5331433691149 bend  37   36   14      val= 109.62564
        0.6683197919960 bend  13   36   14
        0.5187550516335 bend  13   37   14
  67 k  1.0000000000000 tors  38   17   15    9 val= 178.66721
  68 k  1.0000000000000 stre  17   38           val=   1.82383
  69 k  1.0000000000000 bend  15   38   17      val= 106.89717
  70 k  1.0000000000000 tors  14   13   12   11 val= -69.80258
  71 k  1.0000000000000 stre  13   14           val=   2.75014
  72 k  1.0000000000000 bend  12   14   13      val= 112.29685
  73 k  0.7071067811865 tors  17   15    9    8 val=  55.64961
        0.7071067811865 tors  17   15    9   10
  74 k  1.0000000000000 stre  15   17           val=   2.52704
  75 k  1.0000000000000 bend   9   17   15      val= 112.03743
  76 k  1.0000000000000 tors  13   12   11   10 val=  75.33626
  77 k  1.0000000000000 stre  12   13           val=   2.87502
  78 k  1.0000000000000 bend  11   13   12      val= 115.67416
  79 k  1.0000000000000 stre   9   15           val=   2.84900
  80 k  0.7304855777581 bend   8   15    9      val=   1.78425
       -0.6829281226363 bend  10   15    9
  81 k  0.6829281226363 bend   8   15    9      val= 109.64721
        0.7304855777581 bend  10   15    9
  82 k  1.0000000000000 tors  12   11   10    9 val= 182.02615
  83 k  1.0000000000000 stre  11   12           val=   2.88253
  84 k  1.0000000000000 bend  10   12   11      val= 114.78937
  85 k  1.0000000000000 tors  11   10    9    8 val=  63.74113
  86 k  1.0000000000000 stre  10   11           val=   2.87276
  87 k  1.0000000000000 bend   9   11   10      val= 113.32994
  88 k  1.0000000000000 tors  10    9    8    6 val=  83.93664
  89 k  1.0000000000000 stre   9   10           val=   2.89903
  90 k  1.0000000000000 bend   8   10    9      val= 113.05900
  91 k  1.0000000000000 tors   9    8    6    2 val= 174.15536
  92 k  1.0000000000000 stre   8    9           val=   2.71782
  93 k  1.0000000000000 bend   6    9    8      val= 121.90012
  94 k  0.7071067811865 tors   8    6    2    1 val=  42.28071
        0.7071067811865 tors   8    6    2    3
  95 k  1.0000000000000 stre   6    8           val=   2.54824
  96 k  1.0000000000000 bend   2    8    6      val= 114.89136
  97 k  1.0000000000000 stre   2    6           val=   2.87794
  98 k  0.8285262818476 bend   1    6    2      val=  20.85556
       -0.5599501766120 bend   3    6    2
  99 k  0.5599501766120 bend   1    6    2      val= 110.68653
        0.8285262818476 bend   3    6    2
 100 k  1.0000000000000 stre   1    2           val=   2.74871
 101 k  1.0000000000000 stre   2    3           val=   2.93128
 102 k  1.0000000000000 stre   3    4           val=   2.87811
 103 k  1.0000000000000 stre   4    5           val=   2.87957
 104 k  1.0000000000000 stre   5    1           val=   2.75950
 105 k -0.5116672736017 bend   1    3    2      val=  -0.20142
        0.1954395075848 bend   2    4    3
        0.1954395075848 bend   3    5    4
       -0.5116672736017 bend   4    1    5
        0.6324555320337 bend   5    2    1
 106 k  0.3717480344602 bend   1    3    2      val=  -0.33868
       -0.6015009550075 bend   2    4    3
        0.6015009550075 bend   3    5    4
       -0.3717480344602 bend   4    1    5
 107 k -0.5116672736017 tors   3    4    5    1 val= -27.34099
        0.1954395075848 tors   4    5    1    2
        0.1954395075848 tors   5    1    2    3
       -0.5116672736017 tors   1    2    3    4
        0.6324555320337 tors   2    3    4    5
 108 k  0.3717480344602 tors   3    4    5    1 val=  12.53263
       -0.6015009550075 tors   4    5    1    2
        0.6015009550075 tors   5    1    2    3
       -0.3717480344602 tors   1    2    3    4
       108 non zero eigenvalues  of BmBt
           1           6.144862837    1    0
         1
           2           5.877015441    2    0
         2
           3           5.229467318    3    0
         3
           4           4.989642632    4    0
         4
           5           4.762817217    5    0
         5
           6           4.489473043    6    0
         6
           7           4.393901812    7    0
         7
           8           4.073975033    8    0
         8
           9           4.031580745    9    0
         9
          10           3.944916029   10    0
        10
          11           3.779748503   11    0
        11
          12           3.698846210   12    0
        12
          13           3.582657879   13    0
        13
          14           3.541738022   14    0
        14
          15           3.517691603   15    0
        15
          16           3.407285055   16    0
        16
          17           3.312863441   17    0
        17
          18           3.151413600   18    0
        18
          19           3.108846941   19    0
        19
          20           3.029598214   20    0
        20
          21           2.951813644   21    0
        21
          22           2.860743554   22    0
        22
          23           2.836213014   23    0
        23
          24           2.742857291   24    0
        24
          25           2.658834966   25    0
        25
          26           2.534857324   26    0
        26
          27           2.359373986   27    0
        27
          28           2.327565085   28    0
        28
          29           2.303069308   29    0
        29
          30           2.207187293   30    0
        30
          31           2.192529100   31    0
        31
          32           2.080969340   32    0
        32
          33           2.021912937   33    0
        33
          34           1.852357047   34    0
        34
          35           1.809833326   35    0
        35
          36           1.710188913   36    0
        36
          37           1.660266776   37    0
        37
          38           1.487440820   38    0
        38
          39           1.330103026   39    0
        39
          40           1.212533844   40    0
        40
          41           1.177185056   41    0
        41
          42           1.047886072   42    0
        42
          43           1.005978745   43    0
        43
          44           0.920660767   44    0
        44
          45           0.894794289   45    0
        45
          46           0.816961641   46    0
        46
          47           0.808422727   47    0
        47
          48           0.801174406   48    0
        48
          49           0.776739352   49    0
        49
          50           0.763007117   50    0
        50
          51           0.753262264   51    0
        51
          52           0.730884273   52    0
        52
          53           0.714771406   53    0
        53
          54           0.699286357   54    0
        54
          55           0.663339022   55    0
        55
          56           0.659588758   56    0
        56
          57           0.611198745   57    0
        57
          58           0.561944050   58    0
        58
          59           0.501069374   59    0
        59
          60           0.472064417   60    0
        60
          61           0.458892421   61    0
        61
          62           0.436143359   62    0
        62
          63           0.422221261   63    0
        63
          64           0.397729221   64    0
        64
          65           0.371225824   65    0
        65
          66           0.352051792   66    0
        66
          67           0.348844890   67    0
        67
          68           0.340171669   68    0
        68
          69           0.327298289   69    0
        69
          70           0.315068868   70    0
        70
          71           0.313971868   71    0
        71
          72           0.305563939   72    0
        72
          73           0.297641221   73    0
        73
          74           0.289601509   74    0
        74
          75           0.271173186   75    0
        75
          76           0.269225427   76    0
        76
          77           0.262259321   77    0
        77
          78           0.257824648   78    0
        78
          79           0.250928840   79    0
        79
          80           0.246208431   80    0
        80
          81           0.245712536   81    0
        81
          82           0.216741624   82    0
        82
          83           0.208919787   83    0
        83
          84           0.186857833   84    0
        84
          85           0.176126656   85    0
        85
          86           0.171636670   86    0
        86
          87           0.164887696   87    0
        87
          88           0.154565687   88    0
        88
          89           0.119285054   89    0
        89
          90           0.111982731   90    0
        90
          91           0.102149938   91    0
        91
          92           0.094702920   92    0
        92
          93           0.089710356   93    0
        93
          94           0.075598786   94    0
        94
          95           0.066879803   95    0
        95
          96           0.062344288   96    0
        96
          97           0.052015021   97    0
        97
          98           0.040479223   98    0
        98
          99           0.036949732   99    0
        99
         100           0.031322722  100    0
       100
         101           0.023199467  101    0
       101
         102           0.012529583  102    0
       102
         103           0.011769845  103    0
       103
         104           0.008638462  104    0
       104
         105           0.005569882  105    0
       105
         106           0.003926968  106    0
       106
         107           0.003244593  107    0
       107
         108           0.001772538  108    0
       108
$end
