$energy      SCF               SCFKIN            SCFPOT
     1 -821.1267523218      816.7405197541     -1637.867272076
     2 -821.1520728427      816.9456094255     -1638.097682268
     3 -821.1809518901      817.4253070495     -1638.606258940
     4 -821.1904343971      817.4579603681     -1638.648394765
     5 -821.1942330869      817.4980164629     -1638.692249550
     6 -821.1961100054      817.4336933279     -1638.629803333
     7 -821.1974809207      817.4355885308     -1638.633069452
     8 -821.1980726217      817.4742133349     -1638.672285957
     9 -821.1982199884      817.4935936203     -1638.691813609
    10 -821.1985216688      817.4552274957     -1638.653749164
    11 -821.1984814570      817.4555711961     -1638.654052653
    12 -821.1985920403      817.4588230532     -1638.657415093
    13 -821.1986796555      817.4586689554     -1638.657348611
    14 -821.1987176026      817.4623077714     -1638.661025374
    15 -821.1987544674      817.4644645604     -1638.663219028
    16 -821.1987771013      817.4643423652     -1638.663119467
    17 -821.1988084058      817.4628100178     -1638.661618424
    18 -821.1988865202      817.4583010578     -1638.657187578
    19 -821.1991286784      817.4570194355     -1638.656148114
    20 -821.1991524566      817.4544016079     -1638.653554065
    21 -821.1991769798      817.4612754294     -1638.660452409
    22 -821.1994727246      817.4336556714     -1638.633128396
    23 -821.1997585847      817.4473979527     -1638.647156537
    24 -821.1999282470      817.4576029156     -1638.657531163
    25 -821.2001125323      817.4656653142     -1638.665777847
    26 -821.2001913769      817.4616899902     -1638.661881367
    27 -821.2002279584      817.4579281620     -1638.658156120
    28 -821.2002495602      817.4566958090     -1638.656945369
    29 -821.2002621383      817.4574076742     -1638.657669812
    30 -821.2002679172      817.4576191518     -1638.657887069
    31 -821.2002698036      817.4582545839     -1638.658524388
    32 -821.2002718464      817.4581455471     -1638.658417393
    33 -821.2002723039      817.4580039707     -1638.658276275
    34 -821.2002728261      817.4582353848     -1638.658508211
    35 -821.2002729262      817.4581925061     -1638.658465432
    36 -821.2002735080      817.4581935245     -1638.658467032
    37 -821.2002734425      817.4582165289     -1638.658489971
    38 -821.2002735934      817.4583539431     -1638.658627536
    39 -821.2002736150      817.4582418883     -1638.658515503
    40 -821.2002736750      817.4582149035     -1638.658488579
$end
